t_k	Y1	Y2	Y3
0.000625	1.00063	1.00094	0.999375
0.00125	1.00125	1.00187	0.998749
0.001875	1.00188	1.00281	0.998122
0.00250001	1.0025	1.00375	0.997494
0.00312501	1.00313	1.00469	0.996865
0.00375002	1.00375	1.00562	0.996235
0.00437504	1.00438	1.00656	0.995604
0.00500006	1.00501	1.0075	0.994973
0.00562509	1.00563	1.00844	0.99434
0.00625012	1.00626	1.00937	0.993706
0.00687516	1.00689	1.01031	0.993071
0.00750022	1.00751	1.01125	0.992435
0.00812528	1.00814	1.01219	0.991798
0.00875036	1.00877	1.01312	0.99116
0.00937544	1.0094	1.01406	0.990522
0.0100005	1.01002	1.015	0.989882
0.0106257	1.01065	1.01594	0.989241
0.0112508	1.01128	1.01687	0.988599
0.0118759	1.01191	1.01781	0.987956
0.0125011	1.01254	1.01875	0.987312
0.0131263	1.01317	1.01969	0.986667
0.0137515	1.01379	1.02062	0.986021
0.0143767	1.01442	1.02156	0.985375
0.0150019	1.01505	1.0225	0.984727
0.0156272	1.01568	1.02344	0.984078
0.0162525	1.01631	1.02437	0.983428
0.0168778	1.01694	1.02531	0.982777
0.0175031	1.01757	1.02625	0.982125
0.0181285	1.0182	1.02719	0.981472
0.0187539	1.01883	1.02812	0.980818
0.0193793	1.01946	1.02906	0.980162
0.0200048	1.02009	1.03	0.979506
0.0206302	1.02073	1.03094	0.978849
0.0212557	1.02136	1.03187	0.978191
0.0218813	1.02199	1.03281	0.977532
0.0225068	1.02262	1.03375	0.976871
0.0231325	1.02325	1.03469	0.97621
0.0237581	1.02388	1.03562	0.975548
0.0243838	1.02452	1.03656	0.974884
0.0250095	1.02515	1.0375	0.97422
0.0256352	1.02578	1.03844	0.973554
0.026261	1.02641	1.03937	0.972887
0.0268869	1.02705	1.04031	0.97222
0.0275127	1.02768	1.04125	0.971551
0.0281386	1.02831	1.04219	0.970881
0.0287646	1.02895	1.04312	0.970211
0.0293906	1.02958	1.04406	0.969539
0.0300166	1.03021	1.045	0.968866
0.0306427	1.03085	1.04594	0.968192
0.0312689	1.03148	1.04687	0.967517
0.0318951	1.03212	1.04781	0.96684
0.0325213	1.03275	1.04875	0.966163
0.0331476	1.03338	1.04969	0.965485
0.0337739	1.03402	1.05062	0.964805
0.0344003	1.03465	1.05156	0.964125
0.0350268	1.03529	1.0525	0.963443
0.0356533	1.03592	1.05343	0.962761
0.0362798	1.03656	1.05437	0.962077
0.0369065	1.0372	1.05531	0.961392
0.0375331	1.03783	1.05625	0.960706
0.0381599	1.03847	1.05718	0.960019
0.0387867	1.0391	1.05812	0.959331
0.0394135	1.03974	1.05906	0.958642
0.0400404	1.04038	1.06	0.957951
0.0406674	1.04101	1.06093	0.95726
0.0412945	1.04165	1.06187	0.956567
0.0419216	1.04229	1.06281	0.955874
0.0425487	1.04292	1.06375	0.955179
0.043176	1.04356	1.06468	0.954483
0.0438033	1.0442	1.06562	0.953786
0.0444307	1.04484	1.06656	0.953088
0.0450582	1.04547	1.06749	0.952389
0.0456857	1.04611	1.06843	0.951688
0.0463133	1.04675	1.06937	0.950987
0.046941	1.04739	1.07031	0.950284
0.0475687	1.04803	1.07124	0.949581
0.0481966	1.04867	1.07218	0.948876
0.0488245	1.0493	1.07312	0.94817
0.0494525	1.04994	1.07405	0.947463
0.0500805	1.05058	1.07499	0.946754
0.0507087	1.05122	1.07593	0.946045
0.0513369	1.05186	1.07687	0.945334
0.0519652	1.0525	1.0778	0.944623
0.0525937	1.05314	1.07874	0.94391
0.0532221	1.05378	1.07968	0.943196
0.0538507	1.05442	1.08061	0.942481
0.0544794	1.05506	1.08155	0.941764
0.0551082	1.0557	1.08249	0.941047
0.055737	1.05634	1.08343	0.940328
0.056366	1.05698	1.08436	0.939608
0.056995	1.05762	1.0853	0.938887
0.0576241	1.05826	1.08624	0.938165
0.0582534	1.05891	1.08717	0.937442
0.0588827	1.05955	1.08811	0.936717
0.0595121	1.06019	1.08905	0.935992
0.0601417	1.06083	1.08999	0.935265
0.0607713	1.06147	1.09092	0.934537
0.061401	1.06211	1.09186	0.933808
0.0620308	1.06276	1.0928	0.933077
0.0626608	1.0634	1.09373	0.932346
0.0632908	1.06404	1.09467	0.931613
0.063921	1.06468	1.09561	0.930879
0.0645513	1.06533	1.09654	0.930144
0.0651816	1.06597	1.09748	0.929407
0.0658121	1.06661	1.09842	0.92867
0.0664427	1.06726	1.09936	0.927931
0.0670734	1.0679	1.10029	0.927191
0.0677042	1.06854	1.10123	0.92645
0.0683352	1.06919	1.10217	0.925707
0.0689663	1.06983	1.1031	0.924964
0.0695974	1.07047	1.10404	0.924219
0.0702287	1.07112	1.10498	0.923473
0.0708602	1.07176	1.10591	0.922725
0.0714917	1.07241	1.10685	0.921977
0.0721234	1.07305	1.10779	0.921227
0.0727552	1.0737	1.10872	0.920476
0.0733871	1.07434	1.10966	0.919724
0.0740192	1.07499	1.1106	0.91897
0.0746513	1.07563	1.11153	0.918215
0.0752836	1.07628	1.11247	0.917459
0.0759161	1.07692	1.11341	0.916702
0.0765487	1.07757	1.11435	0.915944
0.0771814	1.07821	1.11528	0.915184
0.0778142	1.07886	1.11622	0.914423
0.0784472	1.07951	1.11716	0.913661
0.0790804	1.08015	1.11809	0.912897
0.0797136	1.0808	1.11903	0.912132
0.080347	1.08145	1.11997	0.911366
0.0809806	1.08209	1.1209	0.910599
0.0816143	1.08274	1.12184	0.90983
0.0822482	1.08339	1.12278	0.90906
0.0828822	1.08403	1.12371	0.908289
0.0835163	1.08468	1.12465	0.907517
0.0841506	1.08533	1.12558	0.906743
0.084785	1.08598	1.12652	0.905968
0.0854196	1.08662	1.12746	0.905191
0.0860544	1.08727	1.12839	0.904414
0.0866893	1.08792	1.12933	0.903635
0.0873244	1.08857	1.13027	0.902855
0.0879596	1.08922	1.1312	0.902073
0.088595	1.08986	1.13214	0.90129
0.0892306	1.09051	1.13308	0.900506
0.0898663	1.09116	1.13401	0.89972
0.0905022	1.09181	1.13495	0.898934
0.0911382	1.09246	1.13589	0.898145
0.0917745	1.09311	1.13682	0.897356
0.0924108	1.09376	1.13776	0.896565
0.0930474	1.09441	1.1387	0.895773
0.0936841	1.09506	1.13963	0.894979
0.0943211	1.09571	1.14057	0.894185
0.0949581	1.09636	1.1415	0.893388
0.0955954	1.097	1.14244	0.892591
0.0962329	1.09765	1.14338	0.891792
0.0968705	1.09831	1.14431	0.890992
0.0975083	1.09896	1.14525	0.89019
0.0981463	1.09961	1.14619	0.889387
0.0987845	1.10026	1.14712	0.888583
0.0994228	1.10091	1.14806	0.887777
0.100061	1.10156	1.14899	0.88697
0.1007	1.10221	1.14993	0.886162
0.101339	1.10286	1.15087	0.885352
0.101978	1.10351	1.1518	0.884541
0.102618	1.10416	1.15274	0.883728
0.103257	1.10481	1.15367	0.882914
0.103897	1.10547	1.15461	0.882099
0.104537	1.10612	1.15555	0.881282
0.105177	1.10677	1.15648	0.880464
0.105817	1.10742	1.15742	0.879644
0.106458	1.10807	1.15835	0.878823
0.107098	1.10873	1.15929	0.878001
0.107739	1.10938	1.16023	0.877177
0.10838	1.11003	1.16116	0.876352
0.109022	1.11068	1.1621	0.875525
0.109663	1.11134	1.16303	0.874697
0.110305	1.11199	1.16397	0.873867
0.110947	1.11264	1.16491	0.873036
0.111589	1.1133	1.16584	0.872204
0.112232	1.11395	1.16678	0.87137
0.112875	1.1146	1.16771	0.870535
0.113518	1.11526	1.16865	0.869698
0.114161	1.11591	1.16958	0.86886
0.114804	1.11656	1.17052	0.86802
0.115448	1.11722	1.17146	0.867179
0.116091	1.11787	1.17239	0.866336
0.116735	1.11852	1.17333	0.865492
0.11738	1.11918	1.17426	0.864647
0.118024	1.11983	1.1752	0.8638
0.118669	1.12049	1.17613	0.862951
0.119314	1.12114	1.17707	0.862101
0.119959	1.1218	1.178	0.86125
0.120605	1.12245	1.17894	0.860397
0.12125	1.12311	1.17987	0.859542
0.121896	1.12376	1.18081	0.858686
0.122543	1.12442	1.18175	0.857829
0.123189	1.12507	1.18268	0.85697
0.123836	1.12573	1.18362	0.856109
0.124483	1.12638	1.18455	0.855247
0.12513	1.12704	1.18549	0.854383
0.125778	1.1277	1.18642	0.853518
0.126425	1.12835	1.18736	0.852652
0.127073	1.12901	1.18829	0.851783
0.127722	1.12966	1.18923	0.850914
0.12837	1.13032	1.19016	0.850042
0.129019	1.13098	1.1911	0.849169
0.129668	1.13163	1.19203	0.848295
0.130318	1.13229	1.19297	0.847419
0.130967	1.13295	1.1939	0.846542
0.131617	1.1336	1.19484	0.845662
0.132267	1.13426	1.19577	0.844782
0.132918	1.13492	1.19671	0.843899
0.133569	1.13557	1.19764	0.843016
0.13422	1.13623	1.19858	0.84213
0.134871	1.13689	1.19951	0.841243
0.135523	1.13755	1.20045	0.840354
0.136175	1.1382	1.20138	0.839464
0.136827	1.13886	1.20232	0.838572
0.137479	1.13952	1.20325	0.837679
0.138132	1.14018	1.20419	0.836784
0.138785	1.14084	1.20512	0.835887
0.139439	1.14149	1.20606	0.834989
0.140092	1.14215	1.20699	0.834089
0.140746	1.14281	1.20793	0.833187
0.141401	1.14347	1.20886	0.832284
0.142055	1.14413	1.20979	0.831379
0.14271	1.14479	1.21073	0.830472
0.143366	1.14545	1.21166	0.829564
0.144021	1.14611	1.2126	0.828654
0.144677	1.14676	1.21353	0.827743
0.145333	1.14742	1.21447	0.826829
0.14599	1.14808	1.2154	0.825915
0.146647	1.14874	1.21634	0.824998
0.147304	1.1494	1.21727	0.82408
0.147962	1.15006	1.2182	0.82316
0.14862	1.15072	1.21914	0.822238
0.149278	1.15138	1.22007	0.821314
0.149936	1.15204	1.22101	0.820389
0.150595	1.1527	1.22194	0.819463
0.151254	1.15336	1.22287	0.818534
0.151914	1.15402	1.22381	0.817604
0.152574	1.15468	1.22474	0.816672
0.153234	1.15534	1.22568	0.815738
0.153894	1.156	1.22661	0.814804
0.154553	1.15666	1.22754	0.81387
0.155211	1.15732	1.22847	0.812936
0.155868	1.15797	1.2294	0.812001
0.156524	1.15863	1.23032	0.811067
0.15718	1.15928	1.23125	0.810132
0.157834	1.15994	1.23217	0.809198
0.158488	1.16059	1.23309	0.808263
0.159141	1.16124	1.23401	0.807329
0.159794	1.16189	1.23493	0.806394
0.160445	1.16254	1.23584	0.805459
0.161096	1.16319	1.23676	0.804524
0.161746	1.16383	1.23767	0.803589
0.162395	1.16448	1.23858	0.802654
0.163043	1.16512	1.23949	0.801719
0.163691	1.16577	1.24039	0.800784
0.164338	1.16641	1.2413	0.799848
0.164984	1.16705	1.2422	0.798913
0.165629	1.16769	1.24311	0.797977
0.166274	1.16833	1.24401	0.797042
0.166918	1.16897	1.24491	0.796106
0.16756	1.1696	1.2458	0.795171
0.168203	1.17024	1.2467	0.794235
0.168844	1.17088	1.24759	0.793299
0.169485	1.17151	1.24849	0.792363
0.170125	1.17214	1.24938	0.791427
0.170764	1.17278	1.25027	0.790491
0.171402	1.17341	1.25116	0.789555
0.17204	1.17404	1.25204	0.788618
0.172677	1.17467	1.25293	0.787682
0.173313	1.17529	1.25381	0.786746
0.173949	1.17592	1.25469	0.785809
0.174584	1.17655	1.25557	0.784873
0.175218	1.17717	1.25645	0.783936
0.175851	1.17779	1.25733	0.783
0.176483	1.17842	1.2582	0.782063
0.177115	1.17904	1.25907	0.781126
0.177746	1.17966	1.25995	0.780189
0.178377	1.18028	1.26082	0.779252
0.179007	1.1809	1.26168	0.778315
0.179635	1.18152	1.26255	0.777378
0.180264	1.18213	1.26342	0.776441
0.180891	1.18275	1.26428	0.775504
0.181518	1.18336	1.26514	0.774566
0.182144	1.18398	1.266	0.773629
0.18277	1.18459	1.26686	0.772691
0.183394	1.1852	1.26772	0.771754
0.184018	1.18581	1.26858	0.770816
0.184642	1.18642	1.26943	0.769879
0.185264	1.18703	1.27029	0.768941
0.185886	1.18764	1.27114	0.768003
0.186508	1.18824	1.27199	0.767065
0.187128	1.18885	1.27284	0.766127
0.187748	1.18945	1.27368	0.765189
0.188367	1.19006	1.27453	0.764251
0.188986	1.19066	1.27537	0.763313
0.189604	1.19126	1.27621	0.762375
0.190221	1.19186	1.27705	0.761437
0.190837	1.19246	1.27789	0.760498
0.191453	1.19306	1.27873	0.75956
0.192068	1.19366	1.27957	0.758621
0.192683	1.19425	1.2804	0.757683
0.193297	1.19485	1.28124	0.756744
0.19391	1.19544	1.28207	0.755805
0.194522	1.19604	1.2829	0.754867
0.195134	1.19663	1.28373	0.753928
0.195745	1.19722	1.28455	0.752989
0.196356	1.19781	1.28538	0.75205
0.196966	1.1984	1.2862	0.751111
0.197575	1.19899	1.28703	0.750172
0.198184	1.19958	1.28785	0.749233
0.198791	1.20016	1.28867	0.748294
0.199399	1.20075	1.28948	0.747354
0.200005	1.20133	1.2903	0.746415
0.200611	1.20192	1.29112	0.745476
0.201217	1.2025	1.29193	0.744536
0.201822	1.20308	1.29274	0.743597
0.202426	1.20366	1.29355	0.742657
0.203029	1.20424	1.29436	0.741717
0.203632	1.20482	1.29517	0.740778
0.204234	1.2054	1.29598	0.739838
0.204836	1.20598	1.29678	0.738898
0.205437	1.20655	1.29758	0.737958
0.206037	1.20713	1.29839	0.737018
0.206637	1.2077	1.29919	0.736078
0.207236	1.20827	1.29999	0.735138
0.207835	1.20884	1.30078	0.734198
0.208433	1.20942	1.30158	0.733258
0.20903	1.20999	1.30237	0.732317
0.209627	1.21056	1.30317	0.731377
0.210223	1.21112	1.30396	0.730437
0.210818	1.21169	1.30475	0.729496
0.211413	1.21226	1.30554	0.728556
0.212008	1.21282	1.30632	0.727615
0.212601	1.21339	1.30711	0.726675
0.213194	1.21395	1.30789	0.725734
0.213787	1.21451	1.30868	0.724793
0.214379	1.21507	1.30946	0.723852
0.21497	1.21563	1.31024	0.722911
0.215561	1.21619	1.31102	0.721971
0.216151	1.21675	1.3118	0.72103
0.216741	1.21731	1.31257	0.720089
0.21733	1.21787	1.31335	0.719147
0.217918	1.21842	1.31412	0.718206
0.218506	1.21898	1.31489	0.717265
0.219093	1.21953	1.31566	0.716324
0.21968	1.22008	1.31643	0.715382
0.220266	1.22064	1.3172	0.714441
0.220852	1.22119	1.31796	0.7135
0.221437	1.22174	1.31873	0.712558
0.222021	1.22229	1.31949	0.711617
0.222605	1.22283	1.32025	0.710675
0.223188	1.22338	1.32101	0.709733
0.223771	1.22393	1.32177	0.708792
0.224353	1.22447	1.32253	0.70785
0.224935	1.22502	1.32328	0.706908
0.225516	1.22556	1.32404	0.705966
0.226096	1.2261	1.32479	0.705024
0.226676	1.22665	1.32554	0.704082
0.227255	1.22719	1.3263	0.70314
0.227834	1.22773	1.32704	0.702198
0.228412	1.22826	1.32779	0.701256
0.22899	1.2288	1.32854	0.700313
0.229567	1.22934	1.32928	0.699371
0.230144	1.22988	1.33003	0.698429
0.23072	1.23041	1.33077	0.697486
0.231296	1.23095	1.33151	0.696544
0.231871	1.23148	1.33225	0.695602
0.232445	1.23201	1.33299	0.694659
0.233019	1.23254	1.33373	0.693716
0.233593	1.23307	1.33446	0.692774
0.234166	1.2336	1.3352	0.691831
0.234738	1.23413	1.33593	0.690888
0.23531	1.23466	1.33666	0.689945
0.235881	1.23519	1.33739	0.689003
0.236452	1.23571	1.33812	0.68806
0.237022	1.23624	1.33885	0.687117
0.237592	1.23676	1.33957	0.686174
0.238161	1.23728	1.3403	0.685231
0.23873	1.23781	1.34102	0.684287
0.239298	1.23833	1.34174	0.683344
0.239866	1.23885	1.34246	0.682401
0.240433	1.23937	1.34318	0.681458
0.241	1.23989	1.3439	0.680514
0.241566	1.2404	1.34462	0.679571
0.242132	1.24092	1.34533	0.678628
0.242697	1.24144	1.34604	0.677684
0.243261	1.24195	1.34676	0.676741
0.243825	1.24247	1.34747	0.675797
0.244389	1.24298	1.34818	0.674853
0.244952	1.24349	1.34889	0.67391
0.245515	1.244	1.34959	0.672966
0.246077	1.24451	1.3503	0.672022
0.246639	1.24502	1.351	0.671078
0.2472	1.24553	1.35171	0.670134
0.24776	1.24604	1.35241	0.669191
0.248321	1.24655	1.35311	0.668247
0.24888	1.24705	1.35381	0.667302
0.24944	1.24756	1.35451	0.666358
0.249998	1.24806	1.3552	0.665414
0.250556	1.24857	1.3559	0.66447
0.251114	1.24907	1.35659	0.663526
0.251671	1.24957	1.35729	0.662582
0.252228	1.25007	1.35798	0.661637
0.252785	1.25057	1.35867	0.660693
0.25334	1.25107	1.35936	0.659748
0.253896	1.25157	1.36004	0.658804
0.254451	1.25207	1.36073	0.65786
0.255005	1.25256	1.36142	0.656915
0.255559	1.25306	1.3621	0.65597
0.256112	1.25355	1.36278	0.655026
0.256665	1.25405	1.36346	0.654081
0.257218	1.25454	1.36414	0.653136
0.25777	1.25503	1.36482	0.652191
0.258322	1.25552	1.3655	0.651247
0.258873	1.25601	1.36617	0.650302
0.259424	1.2565	1.36685	0.649357
0.259974	1.25699	1.36752	0.648412
0.260523	1.25748	1.36819	0.647467
0.261073	1.25796	1.36887	0.646522
0.261622	1.25845	1.36954	0.645577
0.26217	1.25893	1.3702	0.644631
0.262718	1.25942	1.37087	0.643686
0.263265	1.2599	1.37154	0.642741
0.263813	1.26038	1.3722	0.641796
0.264359	1.26086	1.37286	0.64085
0.264905	1.26134	1.37353	0.639905
0.265451	1.26182	1.37419	0.63896
0.265996	1.2623	1.37485	0.638014
0.266541	1.26278	1.3755	0.637069
0.267085	1.26326	1.37616	0.636123
0.267629	1.26373	1.37682	0.635177
0.268173	1.26421	1.37747	0.634232
0.268716	1.26468	1.37812	0.633286
0.269259	1.26516	1.37878	0.63234
0.269801	1.26563	1.37943	0.631395
0.270343	1.2661	1.38008	0.630449
0.270884	1.26657	1.38072	0.629503
0.271425	1.26704	1.38137	0.628557
0.271965	1.26751	1.38202	0.627611
0.272505	1.26798	1.38266	0.626665
0.273045	1.26845	1.3833	0.625719
0.273584	1.26892	1.38395	0.624773
0.274123	1.26938	1.38459	0.623827
0.274661	1.26985	1.38523	0.622881
0.275199	1.27031	1.38586	0.621934
0.275737	1.27077	1.3865	0.620988
0.276274	1.27124	1.38714	0.620042
0.27681	1.2717	1.38777	0.619095
0.277347	1.27216	1.38841	0.618149
0.277882	1.27262	1.38904	0.617203
0.278418	1.27308	1.38967	0.616256
0.278953	1.27354	1.3903	0.61531
0.279487	1.27399	1.39093	0.614363
0.280022	1.27445	1.39155	0.613417
0.280555	1.2749	1.39218	0.61247
0.281089	1.27536	1.3928	0.611523
0.281622	1.27581	1.39343	0.610577
0.282154	1.27627	1.39405	0.60963
0.282686	1.27672	1.39467	0.608683
0.283218	1.27717	1.39529	0.607736
0.283749	1.27762	1.39591	0.606789
0.28428	1.27807	1.39653	0.605842
0.284811	1.27852	1.39714	0.604896
0.285341	1.27897	1.39776	0.603949
0.285871	1.27941	1.39837	0.603002
0.2864	1.27986	1.39898	0.602054
0.286929	1.28031	1.3996	0.601107
0.287458	1.28075	1.40021	0.60016
0.287986	1.28119	1.40081	0.599213
0.288514	1.28164	1.40142	0.598266
0.289041	1.28208	1.40203	0.597319
0.289568	1.28252	1.40263	0.596371
0.290095	1.28296	1.40324	0.595424
0.290621	1.2834	1.40384	0.594477
0.291147	1.28384	1.40444	0.593529
0.291672	1.28428	1.40504	0.592582
0.292197	1.28472	1.40564	0.591634
0.292722	1.28515	1.40624	0.590687
0.293246	1.28559	1.40684	0.589739
0.29377	1.28602	1.40743	0.588791
0.294294	1.28646	1.40803	0.587844
0.294817	1.28689	1.40862	0.586896
0.29534	1.28732	1.40922	0.585948
0.295862	1.28775	1.40981	0.585001
0.296384	1.28818	1.4104	0.584053
0.296906	1.28861	1.41098	0.583105
0.297427	1.28904	1.41157	0.582157
0.297948	1.28947	1.41216	0.581209
0.298469	1.2899	1.41274	0.580261
0.298989	1.29032	1.41333	0.579313
0.299509	1.29075	1.41391	0.578365
0.300028	1.29117	1.41449	0.577417
0.300547	1.2916	1.41507	0.576469
0.301066	1.29202	1.41565	0.575521
0.301585	1.29244	1.41623	0.574573
0.302103	1.29287	1.41681	0.573625
0.30262	1.29329	1.41738	0.572676
0.303138	1.29371	1.41796	0.571728
0.303655	1.29412	1.41853	0.57078
0.304171	1.29454	1.4191	0.569832
0.304687	1.29496	1.41968	0.568883
0.305203	1.29538	1.42025	0.567935
0.305719	1.29579	1.42081	0.566986
0.306234	1.29621	1.42138	0.566038
0.306749	1.29662	1.42195	0.565089
0.307263	1.29704	1.42251	0.564141
0.307777	1.29745	1.42308	0.563192
0.308291	1.29786	1.42364	0.562244
0.308805	1.29827	1.4242	0.561295
0.309318	1.29868	1.42476	0.560346
0.30983	1.29909	1.42532	0.559397
0.310343	1.2995	1.42588	0.558449
0.310855	1.29991	1.42644	0.5575
0.311367	1.30031	1.427	0.556551
0.311878	1.30072	1.42755	0.555602
0.312389	1.30113	1.42811	0.554653
0.3129	1.30153	1.42866	0.553704
0.31341	1.30193	1.42921	0.552755
0.31392	1.30234	1.42976	0.551806
0.31443	1.30274	1.43031	0.550857
0.314939	1.30314	1.43086	0.549908
0.315448	1.30354	1.43141	0.548959
0.315957	1.30394	1.43195	0.54801
0.316465	1.30434	1.4325	0.547061
0.316973	1.30474	1.43304	0.546112
0.317481	1.30513	1.43358	0.545163
0.317988	1.30553	1.43412	0.544213
0.318495	1.30593	1.43466	0.543264
0.319002	1.30632	1.4352	0.542315
0.319508	1.30672	1.43574	0.541365
0.320014	1.30711	1.43628	0.540416
0.32052	1.3075	1.43681	0.539466
0.321025	1.30789	1.43735	0.538517
0.32153	1.30828	1.43788	0.537568
0.322035	1.30867	1.43842	0.536618
0.32254	1.30906	1.43895	0.535668
0.323044	1.30945	1.43948	0.534719
0.323548	1.30984	1.44001	0.533769
0.324051	1.31023	1.44053	0.53282
0.324554	1.31061	1.44106	0.53187
0.325057	1.311	1.44159	0.53092
0.32556	1.31138	1.44211	0.52997
0.326062	1.31177	1.44264	0.529021
0.326564	1.31215	1.44316	0.528071
0.327065	1.31253	1.44368	0.527121
0.327567	1.31291	1.4442	0.526171
0.328068	1.31329	1.44472	0.525221
0.328568	1.31367	1.44524	0.524271
0.329069	1.31405	1.44575	0.523321
0.329569	1.31443	1.44627	0.522371
0.330068	1.31481	1.44678	0.521421
0.330568	1.31519	1.4473	0.520471
0.331067	1.31556	1.44781	0.519521
0.331566	1.31594	1.44832	0.518571
0.332064	1.31631	1.44883	0.517621
0.332563	1.31669	1.44934	0.516671
0.33306	1.31706	1.44985	0.515721
0.333558	1.31743	1.45036	0.51477
0.334055	1.3178	1.45086	0.51382
0.334552	1.31817	1.45137	0.51287
0.335049	1.31854	1.45187	0.511919
0.335546	1.31891	1.45237	0.510969
0.336042	1.31928	1.45287	0.510019
0.336538	1.31965	1.45337	0.509068
0.337033	1.32001	1.45387	0.508118
0.337528	1.32038	1.45437	0.507167
0.338023	1.32074	1.45487	0.506217
0.338518	1.32111	1.45537	0.505266
0.339012	1.32147	1.45586	0.504316
0.339507	1.32183	1.45635	0.503365
0.34	1.3222	1.45685	0.502414
0.340494	1.32256	1.45734	0.501464
0.340987	1.32292	1.45783	0.500513
0.34148	1.32328	1.45832	0.499562
0.341973	1.32364	1.45881	0.498612
0.342465	1.324	1.4593	0.497661
0.342957	1.32435	1.45978	0.49671
0.343449	1.32471	1.46027	0.495759
0.343941	1.32507	1.46075	0.494809
0.344432	1.32542	1.46123	0.493858
0.344923	1.32577	1.46172	0.492907
0.345414	1.32613	1.4622	0.491956
0.345904	1.32648	1.46268	0.491005
0.346394	1.32683	1.46316	0.490054
0.346884	1.32718	1.46363	0.489103
0.347374	1.32753	1.46411	0.488152
0.347863	1.32788	1.46459	0.487201
0.348352	1.32823	1.46506	0.48625
0.348841	1.32858	1.46553	0.485299
0.349329	1.32893	1.46601	0.484347
0.349817	1.32928	1.46648	0.483396
0.350305	1.32962	1.46695	0.482445
0.350793	1.32997	1.46742	0.481494
0.351281	1.33031	1.46789	0.480543
0.351768	1.33065	1.46835	0.479591
0.352255	1.331	1.46882	0.47864
0.352741	1.33134	1.46928	0.477689
0.353228	1.33168	1.46975	0.476737
0.353714	1.33202	1.47021	0.475786
0.354199	1.33236	1.47067	0.474834
0.354685	1.3327	1.47113	0.473883
0.35517	1.33304	1.47159	0.472931
0.355655	1.33338	1.47205	0.47198
0.35614	1.33371	1.47251	0.471028
0.356625	1.33405	1.47297	0.470077
0.357109	1.33438	1.47342	0.469125
0.357593	1.33472	1.47388	0.468174
0.358077	1.33505	1.47433	0.467222
0.35856	1.33539	1.47478	0.46627
0.359043	1.33572	1.47523	0.465319
0.359526	1.33605	1.47568	0.464367
0.360009	1.33638	1.47613	0.463415
0.360492	1.33671	1.47658	0.462464
0.360974	1.33704	1.47703	0.461512
0.361456	1.33737	1.47747	0.46056
0.361937	1.3377	1.47792	0.459608
0.362419	1.33802	1.47836	0.458656
0.3629	1.33835	1.47881	0.457704
0.363381	1.33868	1.47925	0.456753
0.363862	1.339	1.47969	0.455801
0.364342	1.33932	1.48013	0.454849
0.364822	1.33965	1.48057	0.453897
0.365302	1.33997	1.48101	0.452945
0.365782	1.34029	1.48144	0.451993
0.366262	1.34061	1.48188	0.451041
0.366741	1.34093	1.48231	0.450089
0.36722	1.34125	1.48275	0.449136
0.367699	1.34157	1.48318	0.448184
0.368177	1.34189	1.48361	0.447232
0.368655	1.34221	1.48404	0.44628
0.369133	1.34252	1.48447	0.445328
0.369611	1.34284	1.4849	0.444376
0.370089	1.34315	1.48533	0.443423
0.370566	1.34347	1.48575	0.442471
0.371043	1.34378	1.48618	0.441519
0.37152	1.3441	1.4866	0.440566
0.371997	1.34441	1.48703	0.439614
0.372473	1.34472	1.48745	0.438662
0.372949	1.34503	1.48787	0.437709
0.373425	1.34534	1.48829	0.436757
0.373901	1.34565	1.48871	0.435805
0.374376	1.34596	1.48913	0.434852
0.374851	1.34626	1.48955	0.4339
0.375326	1.34657	1.48996	0.432947
0.375801	1.34688	1.49038	0.431995
0.376276	1.34718	1.49079	0.431042
0.37675	1.34749	1.4912	0.430089
0.377224	1.34779	1.49162	0.429137
0.377698	1.3481	1.49203	0.428184
0.378172	1.3484	1.49244	0.427232
0.378645	1.3487	1.49285	0.426279
0.379118	1.349	1.49325	0.425326
0.379591	1.3493	1.49366	0.424374
0.380064	1.3496	1.49407	0.423421
0.380536	1.3499	1.49447	0.422468
0.381009	1.3502	1.49488	0.421515
0.381481	1.3505	1.49528	0.420563
0.381953	1.35079	1.49568	0.41961
0.382424	1.35109	1.49608	0.418657
0.382896	1.35138	1.49648	0.417704
0.383367	1.35168	1.49688	0.416751
0.383838	1.35197	1.49728	0.415798
0.384308	1.35227	1.49768	0.414845
0.384779	1.35256	1.49807	0.413892
0.385249	1.35285	1.49847	0.412939
0.385719	1.35314	1.49886	0.411986
0.386189	1.35343	1.49925	0.411033
0.386659	1.35372	1.49965	0.41008
0.387128	1.35401	1.50004	0.409127
0.387598	1.3543	1.50043	0.408174
0.388067	1.35458	1.50082	0.407221
0.388536	1.35487	1.5012	0.406268
0.389004	1.35516	1.50159	0.405315
0.389473	1.35544	1.50198	0.404362
0.389941	1.35573	1.50236	0.403409
0.390409	1.35601	1.50275	0.402455
0.390877	1.35629	1.50313	0.401502
0.391344	1.35657	1.50351	0.400549
0.391811	1.35686	1.50389	0.399596
0.392279	1.35714	1.50427	0.398642
0.392746	1.35742	1.50465	0.397689
0.393212	1.3577	1.50503	0.396736
0.393679	1.35797	1.5054	0.395782
0.394145	1.35825	1.50578	0.394829
0.394611	1.35853	1.50616	0.393876
0.395077	1.35881	1.50653	0.392922
0.395543	1.35908	1.5069	0.391969
0.396009	1.35936	1.50727	0.391015
0.396474	1.35963	1.50765	0.390062
0.396939	1.3599	1.50802	0.389108
0.397404	1.36018	1.50838	0.388155
0.397869	1.36045	1.50875	0.387201
0.398333	1.36072	1.50912	0.386248
0.398798	1.36099	1.50949	0.385294
0.399262	1.36126	1.50985	0.384341
0.399726	1.36153	1.51022	0.383387
0.40019	1.3618	1.51058	0.382433
0.400653	1.36207	1.51094	0.38148
0.401117	1.36233	1.5113	0.380526
0.40158	1.3626	1.51166	0.379572
0.402043	1.36287	1.51202	0.378619
0.402506	1.36313	1.51238	0.377665
0.402968	1.3634	1.51274	0.376711
0.403431	1.36366	1.51309	0.375758
0.403893	1.36392	1.51345	0.374804
0.404355	1.36418	1.5138	0.37385
0.404817	1.36444	1.51416	0.372896
0.405279	1.36471	1.51451	0.371942
0.40574	1.36497	1.51486	0.370988
0.406201	1.36522	1.51521	0.370035
0.406663	1.36548	1.51556	0.369081
0.407124	1.36574	1.51591	0.368127
0.407584	1.366	1.51626	0.367173
0.408045	1.36625	1.5166	0.366219
0.408505	1.36651	1.51695	0.365265
0.408965	1.36677	1.51729	0.364311
0.409425	1.36702	1.51764	0.363357
0.409885	1.36727	1.51798	0.362403
0.410345	1.36753	1.51832	0.361449
0.410804	1.36778	1.51866	0.360495
0.411264	1.36803	1.519	0.359541
0.411723	1.36828	1.51934	0.358587
0.412182	1.36853	1.51968	0.357633
0.412641	1.36878	1.52001	0.356679
0.413099	1.36903	1.52035	0.355724
0.413558	1.36928	1.52068	0.35477
0.414016	1.36952	1.52102	0.353816
0.414474	1.36977	1.52135	0.352862
0.414932	1.37002	1.52168	0.351908
0.41539	1.37026	1.52201	0.350953
0.415847	1.37051	1.52234	0.349999
0.416305	1.37075	1.52267	0.349045
0.416762	1.37099	1.523	0.348091
0.417219	1.37123	1.52333	0.347136
0.417676	1.37148	1.52365	0.346182
0.418132	1.37172	1.52398	0.345228
0.418589	1.37196	1.5243	0.344273
0.419045	1.3722	1.52463	0.343319
0.419501	1.37244	1.52495	0.342365
0.419957	1.37267	1.52527	0.34141
0.420413	1.37291	1.52559	0.340456
0.420869	1.37315	1.52591	0.339501
0.421324	1.37338	1.52623	0.338547
0.42178	1.37362	1.52655	0.337592
0.422235	1.37385	1.52686	0.336638
0.42269	1.37409	1.52718	0.335683
0.423145	1.37432	1.52749	0.334729
0.4236	1.37455	1.52781	0.333774
0.424054	1.37478	1.52812	0.33282
0.424508	1.37502	1.52843	0.331865
0.424963	1.37525	1.52874	0.330911
0.425417	1.37548	1.52905	0.329956
0.425871	1.3757	1.52936	0.329002
0.426324	1.37593	1.52967	0.328047
0.426778	1.37616	1.52998	0.327092
0.427231	1.37639	1.53028	0.326138
0.427685	1.37661	1.53059	0.325183
0.428138	1.37684	1.53089	0.324228
0.428591	1.37706	1.5312	0.323274
0.429043	1.37729	1.5315	0.322319
0.429496	1.37751	1.5318	0.321364
0.429949	1.37773	1.5321	0.320409
0.430401	1.37796	1.5324	0.319455
0.430853	1.37818	1.5327	0.3185
0.431305	1.3784	1.533	0.317545
0.431757	1.37862	1.53329	0.31659
0.432209	1.37884	1.53359	0.315635
0.43266	1.37906	1.53388	0.31468
0.433112	1.37927	1.53418	0.313726
0.433563	1.37949	1.53447	0.312771
0.434014	1.37971	1.53476	0.311816
0.434465	1.37992	1.53505	0.310861
0.434916	1.38014	1.53534	0.309906
0.435366	1.38035	1.53563	0.308951
0.435817	1.38057	1.53592	0.307996
0.436267	1.38078	1.53621	0.307041
0.436717	1.38099	1.53649	0.306086
0.437167	1.3812	1.53678	0.305131
0.437617	1.38142	1.53706	0.304176
0.438067	1.38163	1.53735	0.303221
0.438517	1.38184	1.53763	0.302266
0.438966	1.38204	1.53791	0.301311
0.439416	1.38225	1.53819	0.300356
0.439865	1.38246	1.53847	0.299401
0.440314	1.38267	1.53875	0.298446
0.440763	1.38287	1.53903	0.297491
0.441212	1.38308	1.53931	0.296536
0.44166	1.38328	1.53958	0.29558
0.442109	1.38349	1.53986	0.294625
0.442557	1.38369	1.54013	0.29367
0.443005	1.38389	1.5404	0.292715
0.443453	1.3841	1.54068	0.29176
0.443901	1.3843	1.54095	0.290805
0.444349	1.3845	1.54122	0.289849
0.444797	1.3847	1.54149	0.288894
0.445244	1.3849	1.54176	0.287939
0.445692	1.3851	1.54202	0.286984
0.446139	1.38529	1.54229	0.286028
0.446586	1.38549	1.54256	0.285073
0.447033	1.38569	1.54282	0.284118
0.44748	1.38588	1.54308	0.283162
0.447927	1.38608	1.54335	0.282207
0.448373	1.38627	1.54361	0.281252
0.44882	1.38647	1.54387	0.280296
0.449266	1.38666	1.54413	0.279341
0.449712	1.38685	1.54439	0.278386
0.450158	1.38704	1.54465	0.27743
0.450604	1.38723	1.54491	0.276475
0.45105	1.38743	1.54516	0.275519
0.451496	1.38761	1.54542	0.274564
0.451941	1.3878	1.54567	0.273609
0.452387	1.38799	1.54593	0.272653
0.452832	1.38818	1.54618	0.271698
0.453277	1.38837	1.54643	0.270742
0.453722	1.38855	1.54668	0.269787
0.454167	1.38874	1.54693	0.268831
0.454612	1.38892	1.54718	0.267876
0.455056	1.38911	1.54743	0.26692
0.455501	1.38929	1.54768	0.265965
0.455945	1.38947	1.54792	0.265009
0.45639	1.38966	1.54817	0.264053
0.456834	1.38984	1.54841	0.263098
0.457278	1.39002	1.54866	0.262142
0.457722	1.3902	1.5489	0.261187
0.458166	1.39038	1.54914	0.260231
0.458609	1.39056	1.54938	0.259275
0.459053	1.39074	1.54962	0.25832
0.459496	1.39091	1.54986	0.257364
0.45994	1.39109	1.5501	0.256408
0.460383	1.39127	1.55034	0.255453
0.460826	1.39144	1.55057	0.254497
0.461269	1.39162	1.55081	0.253541
0.461712	1.39179	1.55104	0.252586
0.462154	1.39196	1.55127	0.25163
0.462597	1.39214	1.55151	0.250674
0.46304	1.39231	1.55174	0.249718
0.463482	1.39248	1.55197	0.248763
0.463924	1.39265	1.5522	0.247807
0.464366	1.39282	1.55243	0.246851
0.464808	1.39299	1.55266	0.245895
0.46525	1.39316	1.55288	0.244939
0.465692	1.39333	1.55311	0.243984
0.466134	1.3935	1.55333	0.243028
0.466575	1.39366	1.55356	0.242072
0.467017	1.39383	1.55378	0.241116
0.467458	1.39399	1.554	0.24016
0.467899	1.39416	1.55423	0.239204
0.468341	1.39432	1.55445	0.238249
0.468782	1.39449	1.55467	0.237293
0.469223	1.39465	1.55489	0.236337
0.469663	1.39481	1.5551	0.235381
0.470104	1.39497	1.55532	0.234425
0.470545	1.39513	1.55554	0.233469
0.470985	1.39529	1.55575	0.232513
0.471426	1.39545	1.55597	0.231557
0.471866	1.39561	1.55618	0.230601
0.472306	1.39577	1.55639	0.229645
0.472746	1.39593	1.5566	0.228689
0.473186	1.39608	1.55681	0.227733
0.473626	1.39624	1.55702	0.226777
0.474066	1.39639	1.55723	0.225821
0.474505	1.39655	1.55744	0.224865
0.474945	1.3967	1.55765	0.223909
0.475384	1.39685	1.55785	0.222953
0.475824	1.39701	1.55806	0.221997
0.476263	1.39716	1.55826	0.221041
0.476702	1.39731	1.55847	0.220085
0.477141	1.39746	1.55867	0.219129
0.47758	1.39761	1.55887	0.218172
0.478019	1.39776	1.55907	0.217216
0.478458	1.39791	1.55927	0.21626
0.478896	1.39806	1.55947	0.215304
0.479335	1.3982	1.55967	0.214348
0.479773	1.39835	1.55987	0.213392
0.480212	1.3985	1.56006	0.212436
0.48065	1.39864	1.56026	0.211479
0.481088	1.39879	1.56045	0.210523
0.481526	1.39893	1.56065	0.209567
0.481964	1.39907	1.56084	0.208611
0.482402	1.39922	1.56103	0.207655
0.48284	1.39936	1.56122	0.206698
0.483278	1.3995	1.56141	0.205742
0.483715	1.39964	1.5616	0.204786
0.484153	1.39978	1.56179	0.20383
0.48459	1.39992	1.56197	0.202873
0.485027	1.40006	1.56216	0.201917
0.485465	1.4002	1.56235	0.200961
0.485902	1.40033	1.56253	0.200005
0.486339	1.40047	1.56271	0.199048
0.486776	1.40061	1.5629	0.198092
0.487213	1.40074	1.56308	0.197136
0.487649	1.40088	1.56326	0.196179
0.488086	1.40101	1.56344	0.195223
0.488523	1.40114	1.56362	0.194267
0.488959	1.40128	1.5638	0.19331
0.489396	1.40141	1.56397	0.192354
0.489832	1.40154	1.56415	0.191398
0.490268	1.40167	1.56433	0.190441
0.490704	1.4018	1.5645	0.189485
0.491141	1.40193	1.56468	0.188529
0.491577	1.40206	1.56485	0.187572
0.492012	1.40218	1.56502	0.186616
0.492448	1.40231	1.56519	0.185659
0.492884	1.40244	1.56536	0.184703
0.49332	1.40256	1.56553	0.183746
0.493755	1.40269	1.5657	0.18279
0.494191	1.40281	1.56587	0.181834
0.494626	1.40294	1.56603	0.180877
0.495062	1.40306	1.5662	0.179921
0.495497	1.40318	1.56636	0.178964
0.495932	1.40331	1.56653	0.178008
0.496367	1.40343	1.56669	0.177051
0.496802	1.40355	1.56685	0.176095
0.497237	1.40367	1.56701	0.175138
0.497672	1.40379	1.56717	0.174182
0.498107	1.40391	1.56733	0.173225
0.498541	1.40402	1.56749	0.172269
0.498976	1.40414	1.56765	0.171312
0.499411	1.40426	1.56781	0.170356
0.499845	1.40437	1.56796	0.169399
0.500279	1.40449	1.56812	0.168442
0.500714	1.4046	1.56827	0.167486
0.501148	1.40472	1.56842	0.166529
0.501582	1.40483	1.56858	0.165573
0.502016	1.40494	1.56873	0.164616
0.50245	1.40506	1.56888	0.163659
0.502884	1.40517	1.56903	0.162703
0.503318	1.40528	1.56918	0.161746
0.503752	1.40539	1.56933	0.16079
0.504186	1.4055	1.56947	0.159833
0.504619	1.40561	1.56962	0.158876
0.505053	1.40572	1.56976	0.15792
0.505487	1.40582	1.56991	0.156963
0.50592	1.40593	1.57005	0.156006
0.506353	1.40604	1.57019	0.15505
0.506787	1.40614	1.57034	0.154093
0.50722	1.40625	1.57048	0.153136
0.507653	1.40635	1.57062	0.15218
0.508086	1.40645	1.57076	0.151223
0.508519	1.40656	1.57089	0.150266
0.508952	1.40666	1.57103	0.14931
0.509385	1.40676	1.57117	0.148353
0.509818	1.40686	1.5713	0.147396
0.510251	1.40696	1.57144	0.14644
0.510684	1.40706	1.57157	0.145483
0.511116	1.40716	1.5717	0.144526
0.511549	1.40726	1.57184	0.143569
0.511981	1.40736	1.57197	0.142613
0.512414	1.40745	1.5721	0.141656
0.512846	1.40755	1.57223	0.140699
0.513279	1.40765	1.57236	0.139742
0.513711	1.40774	1.57248	0.138786
0.514143	1.40783	1.57261	0.137829
0.514575	1.40793	1.57274	0.136872
0.515007	1.40802	1.57286	0.135915
0.515439	1.40811	1.57298	0.134958
0.515871	1.40821	1.57311	0.134002
0.516303	1.4083	1.57323	0.133045
0.516735	1.40839	1.57335	0.132088
0.517167	1.40848	1.57347	0.131131
0.517599	1.40857	1.57359	0.130174
0.51803	1.40865	1.57371	0.129217
0.518462	1.40874	1.57383	0.128261
0.518894	1.40883	1.57394	0.127304
0.519325	1.40892	1.57406	0.126347
0.519757	1.409	1.57418	0.12539
0.520188	1.40909	1.57429	0.124433
0.520619	1.40917	1.5744	0.123476
0.521051	1.40925	1.57452	0.12252
0.521482	1.40934	1.57463	0.121563
0.521913	1.40942	1.57474	0.120606
0.522344	1.4095	1.57485	0.119649
0.522775	1.40958	1.57496	0.118692
0.523206	1.40966	1.57507	0.117735
0.523637	1.40974	1.57517	0.116778
0.524068	1.40982	1.57528	0.115821
0.524499	1.4099	1.57539	0.114864
0.52493	1.40998	1.57549	0.113907
0.525361	1.41006	1.57559	0.112951
0.525791	1.41013	1.5757	0.111994
0.526222	1.41021	1.5758	0.111037
0.526653	1.41028	1.5759	0.11008
0.527083	1.41036	1.576	0.109123
0.527514	1.41043	1.5761	0.108166
0.527944	1.41051	1.5762	0.107209
0.528375	1.41058	1.5763	0.106252
0.528805	1.41065	1.57639	0.105295
0.529235	1.41072	1.57649	0.104338
0.529666	1.41079	1.57658	0.103381
0.530096	1.41086	1.57668	0.102424
0.530526	1.41093	1.57677	0.101467
0.530956	1.411	1.57686	0.10051
0.531386	1.41107	1.57695	0.0995531
0.531817	1.41114	1.57705	0.0985961
0.532247	1.41121	1.57713	0.0976391
0.532677	1.41127	1.57722	0.0966821
0.533106	1.41134	1.57731	0.0957251
0.533536	1.4114	1.5774	0.0947681
0.533966	1.41147	1.57749	0.0938111
0.534396	1.41153	1.57757	0.0928541
0.534826	1.41159	1.57766	0.091897
0.535256	1.41165	1.57774	0.09094
0.535685	1.41172	1.57782	0.089983
0.536115	1.41178	1.5779	0.0890259
0.536545	1.41184	1.57798	0.0880689
0.536974	1.4119	1.57806	0.0871119
0.537404	1.41196	1.57814	0.0861548
0.537833	1.41202	1.57822	0.0851978
0.538263	1.41207	1.5783	0.0842407
0.538692	1.41213	1.57838	0.0832837
0.539121	1.41219	1.57845	0.0823266
0.539551	1.41224	1.57853	0.0813695
0.53998	1.4123	1.5786	0.0804125
0.540409	1.41235	1.57867	0.0794554
0.540839	1.41241	1.57875	0.0784983
0.541268	1.41246	1.57882	0.0775412
0.541697	1.41251	1.57889	0.0765842
0.542126	1.41256	1.57896	0.0756271
0.542555	1.41261	1.57903	0.07467
0.542984	1.41267	1.57909	0.0737129
0.543413	1.41271	1.57916	0.0727558
0.543842	1.41276	1.57923	0.0717987
0.544271	1.41281	1.57929	0.0708416
0.5447	1.41286	1.57936	0.0698845
0.545129	1.41291	1.57942	0.0689274
0.545558	1.41295	1.57948	0.0679703
0.545987	1.413	1.57955	0.0670132
0.546416	1.41305	1.57961	0.066056
0.546845	1.41309	1.57967	0.0650989
0.547274	1.41314	1.57973	0.0641418
0.547702	1.41318	1.57978	0.0631847
0.548131	1.41322	1.57984	0.0622276
0.54856	1.41326	1.5799	0.0612704
0.548988	1.41331	1.57995	0.0603133
0.549417	1.41335	1.58001	0.0593562
0.549846	1.41339	1.58006	0.058399
0.550274	1.41343	1.58011	0.0574419
0.550703	1.41346	1.58017	0.0564847
0.551131	1.4135	1.58022	0.0555276
0.55156	1.41354	1.58027	0.0545704
0.551988	1.41358	1.58032	0.0536133
0.552417	1.41361	1.58037	0.0526561
0.552845	1.41365	1.58042	0.051699
0.553274	1.41368	1.58046	0.0507418
0.553702	1.41372	1.58051	0.0497847
0.55413	1.41375	1.58055	0.0488275
0.554559	1.41379	1.5806	0.0478703
0.554987	1.41382	1.58064	0.0469132
0.555415	1.41385	1.58068	0.045956
0.555844	1.41388	1.58073	0.0449988
0.556272	1.41391	1.58077	0.0440417
0.5567	1.41394	1.58081	0.0430845
0.557128	1.41397	1.58085	0.0421273
0.557557	1.414	1.58088	0.0411701
0.557985	1.41403	1.58092	0.0402129
0.558413	1.41405	1.58096	0.0392558
0.558841	1.41408	1.58099	0.0382986
0.559269	1.41411	1.58103	0.0373414
0.559697	1.41413	1.58106	0.0363842
0.560126	1.41416	1.5811	0.035427
0.560554	1.41418	1.58113	0.0344698
0.560982	1.4142	1.58116	0.0335126
0.56141	1.41423	1.58119	0.0325554
0.561838	1.41425	1.58122	0.0315982
0.562266	1.41427	1.58125	0.030641
0.562694	1.41429	1.58128	0.0296839
0.563122	1.41431	1.5813	0.0287267
0.56355	1.41433	1.58133	0.0277695
0.563978	1.41435	1.58135	0.0268123
0.564406	1.41437	1.58138	0.025855
0.564834	1.41438	1.5814	0.0248978
0.565262	1.4144	1.58142	0.0239406
0.56569	1.41442	1.58145	0.0229834
0.566118	1.41443	1.58147	0.0220262
0.566546	1.41445	1.58149	0.021069
0.566974	1.41446	1.58151	0.0201118
0.567401	1.41448	1.58152	0.0191546
0.567829	1.41449	1.58154	0.0181974
0.568257	1.4145	1.58156	0.0172402
0.568685	1.41451	1.58157	0.016283
0.569113	1.41452	1.58159	0.0153258
0.569541	1.41453	1.5816	0.0143685
0.569969	1.41454	1.58162	0.0134113
0.570397	1.41455	1.58163	0.0124541
0.570824	1.41456	1.58164	0.0114969
0.571252	1.41457	1.58165	0.0105397
0.57168	1.41458	1.58166	0.00958246
0.572108	1.41458	1.58167	0.00862525
0.572536	1.41459	1.58168	0.00766803
0.572964	1.41459	1.58168	0.00671081
0.573391	1.4146	1.58169	0.00575359
0.573819	1.4146	1.58169	0.00479638
0.574247	1.41461	1.5817	0.00383916
0.574675	1.41461	1.5817	0.00288194
0.575103	1.41461	1.5817	0.00192472
0.57553	1.41461	1.58171	0.0009675
0.575958	1.41461	1.58171	1.02804e-05
0.576386	1.41461	1.58171	-0.000946939
0.576814	1.41461	1.58171	-0.00190416
0.577242	1.41461	1.5817	-0.00286138
0.577669	1.41461	1.5817	-0.0038186
0.578097	1.41461	1.5817	-0.00477582
0.578525	1.4146	1.58169	-0.00573303
0.578953	1.4146	1.58169	-0.00669025
0.579381	1.41459	1.58168	-0.00764747
0.579809	1.41459	1.58168	-0.00860469
0.580236	1.41458	1.58167	-0.00956191
0.580664	1.41458	1.58166	-0.0105191
0.581092	1.41457	1.58165	-0.0114763
0.58152	1.41456	1.58164	-0.0124336
0.581948	1.41455	1.58163	-0.0133908
0.582376	1.41454	1.58162	-0.014348
0.582803	1.41453	1.5816	-0.0153052
0.583231	1.41452	1.58159	-0.0162624
0.583659	1.41451	1.58157	-0.0172196
0.584087	1.4145	1.58156	-0.0181768
0.584515	1.41449	1.58154	-0.0191341
0.584943	1.41448	1.58152	-0.0200913
0.585371	1.41446	1.58151	-0.0210485
0.585799	1.41445	1.58149	-0.0220057
0.586226	1.41443	1.58147	-0.0229629
0.586654	1.41442	1.58145	-0.0239201
0.587082	1.4144	1.58142	-0.0248773
0.58751	1.41438	1.5814	-0.0258345
0.587938	1.41437	1.58138	-0.0267917
0.588366	1.41435	1.58135	-0.0277489
0.588794	1.41433	1.58133	-0.0287061
0.589222	1.41431	1.5813	-0.0296633
0.58965	1.41429	1.58128	-0.0306205
0.590078	1.41427	1.58125	-0.0315777
0.590506	1.41425	1.58122	-0.0325349
0.590934	1.41423	1.58119	-0.0334921
0.591362	1.4142	1.58116	-0.0344493
0.59179	1.41418	1.58113	-0.0354065
0.592218	1.41416	1.5811	-0.0363637
0.592647	1.41413	1.58106	-0.0373209
0.593075	1.41411	1.58103	-0.0382781
0.593503	1.41408	1.58099	-0.0392353
0.593931	1.41405	1.58096	-0.0401925
0.594359	1.41403	1.58092	-0.0411496
0.594787	1.414	1.58088	-0.0421068
0.595215	1.41397	1.58085	-0.043064
0.595644	1.41394	1.58081	-0.0440212
0.596072	1.41391	1.58077	-0.0449784
0.5965	1.41388	1.58073	-0.0459355
0.596928	1.41385	1.58068	-0.0468927
0.597357	1.41382	1.58064	-0.0478499
0.597785	1.41379	1.5806	-0.048807
0.598213	1.41375	1.58055	-0.0497642
0.598642	1.41372	1.58051	-0.0507214
0.59907	1.41369	1.58046	-0.0516785
0.599498	1.41365	1.58042	-0.0526357
0.599927	1.41361	1.58037	-0.0535929
0.600355	1.41358	1.58032	-0.05455
0.600784	1.41354	1.58027	-0.0555072
0.601212	1.4135	1.58022	-0.0564643
0.601641	1.41347	1.58017	-0.0574215
0.602069	1.41343	1.58012	-0.0583786
0.602498	1.41339	1.58006	-0.0593358
0.602927	1.41335	1.58001	-0.0602929
0.603355	1.41331	1.57995	-0.06125
0.603784	1.41326	1.5799	-0.0622072
0.604212	1.41322	1.57984	-0.0631643
0.604641	1.41318	1.57978	-0.0641214
0.60507	1.41314	1.57973	-0.0650786
0.605499	1.41309	1.57967	-0.0660357
0.605927	1.41305	1.57961	-0.0669928
0.606356	1.413	1.57955	-0.0679499
0.606785	1.41296	1.57948	-0.068907
0.607214	1.41291	1.57942	-0.0698642
0.607643	1.41286	1.57936	-0.0708213
0.608072	1.41281	1.57929	-0.0717784
0.608501	1.41277	1.57923	-0.0727355
0.60893	1.41272	1.57916	-0.0736926
0.609359	1.41267	1.5791	-0.0746497
0.609788	1.41262	1.57903	-0.0756068
0.610217	1.41256	1.57896	-0.0765639
0.610646	1.41251	1.57889	-0.077521
0.611075	1.41246	1.57882	-0.078478
0.611504	1.41241	1.57875	-0.0794351
0.611933	1.41235	1.57868	-0.0803922
0.612363	1.4123	1.5786	-0.0813493
0.612792	1.41224	1.57853	-0.0823063
0.613221	1.41219	1.57845	-0.0832634
0.613651	1.41213	1.57838	-0.0842205
0.61408	1.41207	1.5783	-0.0851775
0.614509	1.41202	1.57822	-0.0861346
0.614939	1.41196	1.57815	-0.0870917
0.615368	1.4119	1.57807	-0.0880487
0.615798	1.41184	1.57799	-0.0890057
0.616228	1.41178	1.57791	-0.0899628
0.616657	1.41172	1.57782	-0.0909198
0.617087	1.41166	1.57774	-0.0918769
0.617517	1.41159	1.57766	-0.0928339
0.617946	1.41153	1.57757	-0.0937909
0.618376	1.41147	1.57749	-0.0947479
0.618806	1.4114	1.5774	-0.095705
0.619236	1.41134	1.57731	-0.096662
0.619666	1.41127	1.57723	-0.097619
0.620096	1.41121	1.57714	-0.098576
0.620526	1.41114	1.57705	-0.099533
0.620956	1.41107	1.57696	-0.10049
0.621386	1.411	1.57687	-0.101447
0.621816	1.41094	1.57677	-0.102404
0.622246	1.41087	1.57668	-0.103361
0.622676	1.4108	1.57659	-0.104318
0.623106	1.41072	1.57649	-0.105275
0.623537	1.41065	1.57639	-0.106232
0.623967	1.41058	1.5763	-0.107189
0.624397	1.41051	1.5762	-0.108146
0.624828	1.41044	1.5761	-0.109103
0.625258	1.41036	1.576	-0.11006
0.625689	1.41029	1.5759	-0.111017
0.626119	1.41021	1.5758	-0.111974
0.62655	1.41014	1.5757	-0.112931
0.626981	1.41006	1.5756	-0.113887
0.627411	1.40998	1.57549	-0.114844
0.627842	1.4099	1.57539	-0.115801
0.628273	1.40982	1.57528	-0.116758
0.628704	1.40975	1.57518	-0.117715
0.629135	1.40967	1.57507	-0.118672
0.629566	1.40959	1.57496	-0.119629
0.629997	1.4095	1.57485	-0.120586
0.630428	1.40942	1.57474	-0.121543
0.630859	1.40934	1.57463	-0.1225
0.63129	1.40926	1.57452	-0.123457
0.631721	1.40917	1.57441	-0.124413
0.632153	1.40909	1.57429	-0.12537
0.632584	1.409	1.57418	-0.126327
0.633015	1.40892	1.57406	-0.127284
0.633447	1.40883	1.57395	-0.128241
0.633878	1.40874	1.57383	-0.129198
0.63431	1.40866	1.57371	-0.130155
0.634742	1.40857	1.57359	-0.131111
0.635173	1.40848	1.57347	-0.132068
0.635605	1.40839	1.57335	-0.133025
0.636037	1.4083	1.57323	-0.133982
0.636469	1.40821	1.57311	-0.134939
0.636901	1.40812	1.57299	-0.135895
0.637333	1.40802	1.57286	-0.136852
0.637765	1.40793	1.57274	-0.137809
0.638197	1.40784	1.57261	-0.138766
0.638629	1.40774	1.57249	-0.139723
0.639061	1.40765	1.57236	-0.140679
0.639493	1.40755	1.57223	-0.141636
0.639926	1.40746	1.5721	-0.142593
0.640358	1.40736	1.57197	-0.14355
0.640791	1.40726	1.57184	-0.144506
0.641223	1.40716	1.57171	-0.145463
0.641656	1.40706	1.57158	-0.14642
0.642088	1.40696	1.57144	-0.147377
0.642521	1.40686	1.57131	-0.148333
0.642954	1.40676	1.57117	-0.14929
0.643387	1.40666	1.57103	-0.150247
0.64382	1.40656	1.5709	-0.151204
0.644253	1.40646	1.57076	-0.15216
0.644686	1.40635	1.57062	-0.153117
0.645119	1.40625	1.57048	-0.154074
0.645552	1.40614	1.57034	-0.15503
0.645985	1.40604	1.5702	-0.155987
0.646419	1.40593	1.57006	-0.156944
0.646852	1.40583	1.56991	-0.1579
0.647285	1.40572	1.56977	-0.158857
0.647719	1.40561	1.56962	-0.159814
0.648153	1.4055	1.56948	-0.16077
0.648586	1.40539	1.56933	-0.161727
0.64902	1.40528	1.56918	-0.162684
0.649454	1.40517	1.56903	-0.16364
0.649888	1.40506	1.56888	-0.164597
0.650322	1.40495	1.56873	-0.165553
0.650756	1.40483	1.56858	-0.16651
0.65119	1.40472	1.56843	-0.167467
0.651624	1.40461	1.56828	-0.168423
0.652058	1.40449	1.56812	-0.16938
0.652492	1.40438	1.56797	-0.170336
0.652927	1.40426	1.56781	-0.171293
0.653361	1.40414	1.56765	-0.172249
0.653796	1.40403	1.5675	-0.173206
0.654231	1.40391	1.56734	-0.174162
0.654665	1.40379	1.56718	-0.175119
0.6551	1.40367	1.56702	-0.176076
0.655535	1.40355	1.56686	-0.177032
0.65597	1.40343	1.56669	-0.177989
0.656405	1.40331	1.56653	-0.178945
0.65684	1.40319	1.56637	-0.179902
0.657275	1.40306	1.5662	-0.180858
0.65771	1.40294	1.56604	-0.181815
0.658146	1.40282	1.56587	-0.182771
0.658581	1.40269	1.5657	-0.183727
0.659017	1.40257	1.56554	-0.184684
0.659452	1.40244	1.56537	-0.18564
0.659888	1.40232	1.5652	-0.186597
0.660324	1.40219	1.56502	-0.187553
0.660759	1.40206	1.56485	-0.18851
0.661195	1.40193	1.56468	-0.189466
0.661631	1.4018	1.56451	-0.190422
0.662067	1.40167	1.56433	-0.191379
0.662504	1.40154	1.56416	-0.192335
0.66294	1.40141	1.56398	-0.193292
0.663376	1.40128	1.5638	-0.194248
0.663813	1.40115	1.56362	-0.195204
0.664249	1.40101	1.56345	-0.196161
0.664686	1.40088	1.56327	-0.197117
0.665123	1.40074	1.56308	-0.198073
0.665559	1.40061	1.5629	-0.19903
0.665996	1.40047	1.56272	-0.199986
0.666433	1.40034	1.56254	-0.200942
0.66687	1.4002	1.56235	-0.201899
0.667307	1.40006	1.56217	-0.202855
0.667745	1.39992	1.56198	-0.203811
0.668182	1.39978	1.56179	-0.204767
0.668619	1.39964	1.5616	-0.205724
0.669057	1.3995	1.56142	-0.20668
0.669494	1.39936	1.56123	-0.207636
0.669932	1.39922	1.56104	-0.208592
0.67037	1.39908	1.56084	-0.209549
0.670808	1.39893	1.56065	-0.210505
0.671246	1.39879	1.56046	-0.211461
0.671684	1.39865	1.56026	-0.212417
0.672122	1.3985	1.56007	-0.213373
0.67256	1.39835	1.55987	-0.21433
0.672999	1.39821	1.55967	-0.215286
0.673437	1.39806	1.55948	-0.216242
0.673876	1.39791	1.55928	-0.217198
0.674314	1.39776	1.55908	-0.218154
0.674753	1.39762	1.55888	-0.21911
0.675192	1.39747	1.55868	-0.220066
0.675631	1.39731	1.55847	-0.221022
0.67607	1.39716	1.55827	-0.221979
0.676509	1.39701	1.55807	-0.222935
0.676948	1.39686	1.55786	-0.223891
0.677387	1.39671	1.55765	-0.224847
0.677827	1.39655	1.55745	-0.225803
0.678266	1.3964	1.55724	-0.226759
0.678706	1.39624	1.55703	-0.227715
0.679146	1.39609	1.55682	-0.228671
0.679586	1.39593	1.55661	-0.229627
0.680026	1.39577	1.5564	-0.230583
0.680466	1.39561	1.55619	-0.231539
0.680906	1.39546	1.55597	-0.232495
0.681346	1.3953	1.55576	-0.233451
0.681787	1.39514	1.55554	-0.234407
0.682227	1.39498	1.55533	-0.235363
0.682668	1.39481	1.55511	-0.236319
0.683108	1.39465	1.55489	-0.237275
0.683549	1.39449	1.55467	-0.238231
0.68399	1.39433	1.55445	-0.239187
0.684431	1.39416	1.55423	-0.240142
0.684872	1.394	1.55401	-0.241098
0.685314	1.39383	1.55379	-0.242054
0.685755	1.39367	1.55357	-0.24301
0.686196	1.3935	1.55334	-0.243966
0.686638	1.39333	1.55312	-0.244922
0.68708	1.39316	1.55289	-0.245878
0.687521	1.393	1.55266	-0.246833
0.687963	1.39283	1.55244	-0.247789
0.688405	1.39266	1.55221	-0.248745
0.688848	1.39249	1.55198	-0.249701
0.68929	1.39231	1.55175	-0.250657
0.689732	1.39214	1.55151	-0.251612
0.690175	1.39197	1.55128	-0.252568
0.690617	1.3918	1.55105	-0.253524
0.69106	1.39162	1.55081	-0.25448
0.691503	1.39145	1.55058	-0.255435
0.691946	1.39127	1.55034	-0.256391
0.692389	1.3911	1.55011	-0.257347
0.692832	1.39092	1.54987	-0.258302
0.693275	1.39074	1.54963	-0.259258
0.693719	1.39056	1.54939	-0.260214
0.694162	1.39038	1.54915	-0.261169
0.694606	1.39021	1.54891	-0.262125
0.69505	1.39003	1.54866	-0.263081
0.695494	1.38984	1.54842	-0.264036
0.695938	1.38966	1.54818	-0.264992
0.696382	1.38948	1.54793	-0.265947
0.696826	1.3893	1.54768	-0.266903
0.697271	1.38911	1.54744	-0.267858
0.697715	1.38893	1.54719	-0.268814
0.69816	1.38874	1.54694	-0.26977
0.698605	1.38856	1.54669	-0.270725
0.69905	1.38837	1.54644	-0.271681
0.699495	1.38819	1.54619	-0.272636
0.69994	1.388	1.54594	-0.273592
0.700385	1.38781	1.54568	-0.274547
0.70083	1.38762	1.54543	-0.275503
0.701276	1.38743	1.54517	-0.276458
0.701722	1.38724	1.54491	-0.277413
0.702167	1.38705	1.54466	-0.278369
0.702613	1.38686	1.5444	-0.279324
0.703059	1.38667	1.54414	-0.28028
0.703506	1.38647	1.54388	-0.281235
0.703952	1.38628	1.54362	-0.28219
0.704398	1.38608	1.54336	-0.283146
0.704845	1.38589	1.54309	-0.284101
0.705292	1.38569	1.54283	-0.285056
0.705739	1.3855	1.54257	-0.286012
0.706186	1.3853	1.5423	-0.286967
0.706633	1.3851	1.54203	-0.287922
0.70708	1.3849	1.54177	-0.288878
0.707527	1.3847	1.5415	-0.289833
0.707975	1.3845	1.54123	-0.290788
0.708422	1.3843	1.54096	-0.291743
0.70887	1.3841	1.54069	-0.292699
0.709318	1.3839	1.54041	-0.293654
0.709766	1.3837	1.54014	-0.294609
0.710214	1.38349	1.53987	-0.295564
0.710663	1.38329	1.53959	-0.296519
0.711111	1.38309	1.53932	-0.297474
0.71156	1.38288	1.53904	-0.29843
0.712009	1.38267	1.53876	-0.299385
0.712458	1.38247	1.53848	-0.30034
0.712907	1.38226	1.5382	-0.301295
0.713356	1.38205	1.53792	-0.30225
0.713805	1.38184	1.53764	-0.303205
0.714255	1.38163	1.53736	-0.30416
0.714704	1.38142	1.53707	-0.305115
0.715154	1.38121	1.53679	-0.30607
0.715604	1.381	1.5365	-0.307025
0.716054	1.38079	1.53622	-0.30798
0.716504	1.38057	1.53593	-0.308935
0.716955	1.38036	1.53564	-0.30989
0.717405	1.38015	1.53535	-0.310845
0.717856	1.37993	1.53506	-0.3118
0.718307	1.37972	1.53477	-0.312755
0.718758	1.3795	1.53448	-0.31371
0.719209	1.37928	1.53419	-0.314665
0.71966	1.37906	1.53389	-0.31562
0.720111	1.37885	1.5336	-0.316574
0.720563	1.37863	1.5333	-0.317529
0.721015	1.37841	1.53301	-0.318484
0.721466	1.37819	1.53271	-0.319439
0.721918	1.37796	1.53241	-0.320394
0.722371	1.37774	1.53211	-0.321348
0.722823	1.37752	1.53181	-0.322303
0.723275	1.3773	1.53151	-0.323258
0.723728	1.37707	1.53121	-0.324213
0.724181	1.37685	1.53091	-0.325167
0.724634	1.37662	1.5306	-0.326122
0.725087	1.3764	1.5303	-0.327077
0.72554	1.37617	1.52999	-0.328032
0.725993	1.37594	1.52968	-0.328986
0.726447	1.37571	1.52937	-0.329941
0.726901	1.37548	1.52907	-0.330895
0.727355	1.37525	1.52876	-0.33185
0.727809	1.37502	1.52845	-0.332805
0.728263	1.37479	1.52813	-0.333759
0.728717	1.37456	1.52782	-0.334714
0.729172	1.37433	1.52751	-0.335668
0.729626	1.3741	1.52719	-0.336623
0.730081	1.37386	1.52688	-0.337577
0.730536	1.37363	1.52656	-0.338532
0.730991	1.37339	1.52624	-0.339486
0.731447	1.37316	1.52592	-0.340441
0.731902	1.37292	1.52561	-0.341395
0.732358	1.37268	1.52528	-0.34235
0.732814	1.37244	1.52496	-0.343304
0.73327	1.37221	1.52464	-0.344259
0.733726	1.37197	1.52432	-0.345213
0.734182	1.37173	1.52399	-0.346167
0.734639	1.37149	1.52367	-0.347122
0.735096	1.37124	1.52334	-0.348076
0.735552	1.371	1.52302	-0.34903
0.736009	1.37076	1.52269	-0.349985
0.736467	1.37051	1.52236	-0.350939
0.736924	1.37027	1.52203	-0.351893
0.737382	1.37003	1.5217	-0.352847
0.737839	1.36978	1.52137	-0.353802
0.738297	1.36953	1.52103	-0.354756
0.738755	1.36929	1.5207	-0.35571
0.739214	1.36904	1.52036	-0.356664
0.739672	1.36879	1.52003	-0.357618
0.740131	1.36854	1.51969	-0.358572
0.740589	1.36829	1.51935	-0.359527
0.741048	1.36804	1.51902	-0.360481
0.741507	1.36779	1.51868	-0.361435
0.741967	1.36754	1.51833	-0.362389
0.742426	1.36728	1.51799	-0.363343
0.742886	1.36703	1.51765	-0.364297
0.743346	1.36678	1.51731	-0.365251
0.743806	1.36652	1.51696	-0.366205
0.744266	1.36627	1.51662	-0.367159
0.744726	1.36601	1.51627	-0.368113
0.745187	1.36575	1.51592	-0.369067
0.745648	1.36549	1.51558	-0.370021
0.746108	1.36524	1.51523	-0.370975
0.74657	1.36498	1.51488	-0.371929
0.747031	1.36472	1.51452	-0.372882
0.747492	1.36446	1.51417	-0.373836
0.747954	1.36419	1.51382	-0.37479
0.748416	1.36393	1.51346	-0.375744
0.748878	1.36367	1.51311	-0.376698
0.74934	1.36341	1.51275	-0.377652
0.749803	1.36314	1.5124	-0.378605
0.750265	1.36288	1.51204	-0.379559
0.750728	1.36261	1.51168	-0.380513
0.751191	1.36235	1.51132	-0.381466
0.751654	1.36208	1.51096	-0.38242
0.752118	1.36181	1.5106	-0.383374
0.752581	1.36154	1.51023	-0.384327
0.753045	1.36127	1.50987	-0.385281
0.753509	1.361	1.5095	-0.386235
0.753973	1.36073	1.50914	-0.387188
0.754437	1.36046	1.50877	-0.388142
0.754902	1.36019	1.5084	-0.389095
0.755367	1.35992	1.50803	-0.390049
0.755832	1.35964	1.50766	-0.391002
0.756297	1.35937	1.50729	-0.391956
0.756762	1.35909	1.50692	-0.392909
0.757228	1.35882	1.50655	-0.393863
0.757693	1.35854	1.50617	-0.394816
0.758159	1.35826	1.5058	-0.39577
0.758626	1.35799	1.50542	-0.396723
0.759092	1.35771	1.50505	-0.397676
0.759558	1.35743	1.50467	-0.39863
0.760025	1.35715	1.50429	-0.399583
0.760492	1.35687	1.50391	-0.400536
0.760959	1.35659	1.50353	-0.40149
0.761427	1.3563	1.50315	-0.402443
0.761894	1.35602	1.50276	-0.403396
0.762362	1.35574	1.50238	-0.404349
0.76283	1.35545	1.502	-0.405303
0.763298	1.35517	1.50161	-0.406256
0.763767	1.35488	1.50122	-0.407209
0.764235	1.3546	1.50084	-0.408162
0.764704	1.35431	1.50045	-0.409115
0.765173	1.35402	1.50006	-0.410068
0.765642	1.35373	1.49967	-0.411021
0.766112	1.35344	1.49927	-0.411974
0.766581	1.35315	1.49888	-0.412927
0.767051	1.35286	1.49849	-0.41388
0.767521	1.35257	1.49809	-0.414833
0.767992	1.35228	1.4977	-0.415786
0.768462	1.35199	1.4973	-0.416739
0.768933	1.35169	1.4969	-0.417692
0.769404	1.3514	1.4965	-0.418645
0.769875	1.3511	1.4961	-0.419598
0.770346	1.35081	1.4957	-0.420551
0.770818	1.35051	1.4953	-0.421504
0.77129	1.35021	1.4949	-0.422457
0.771762	1.34991	1.49449	-0.423409
0.772234	1.34962	1.49409	-0.424362
0.772707	1.34932	1.49368	-0.425315
0.773179	1.34902	1.49328	-0.426268
0.773652	1.34871	1.49287	-0.42722
0.774125	1.34841	1.49246	-0.428173
0.774599	1.34811	1.49205	-0.429126
0.775072	1.34781	1.49164	-0.430078
0.775546	1.3475	1.49123	-0.431031
0.77602	1.3472	1.49081	-0.431984
0.776495	1.34689	1.4904	-0.432936
0.776969	1.34659	1.48998	-0.433889
0.777444	1.34628	1.48957	-0.434841
0.777919	1.34597	1.48915	-0.435794
0.778394	1.34566	1.48873	-0.436746
0.77887	1.34535	1.48831	-0.437699
0.779345	1.34504	1.48789	-0.438651
0.779821	1.34473	1.48747	-0.439603
0.780297	1.34442	1.48705	-0.440556
0.780774	1.34411	1.48663	-0.441508
0.78125	1.3438	1.4862	-0.442461
0.781727	1.34348	1.48578	-0.443413
0.782204	1.34317	1.48535	-0.444365
0.782681	1.34286	1.48492	-0.445317
0.783159	1.34254	1.4845	-0.44627
0.783637	1.34222	1.48407	-0.447222
0.784115	1.34191	1.48364	-0.448174
0.784593	1.34159	1.4832	-0.449126
0.785072	1.34127	1.48277	-0.450078
0.78555	1.34095	1.48234	-0.451031
0.786029	1.34063	1.4819	-0.451983
0.786508	1.34031	1.48147	-0.452935
0.786988	1.33999	1.48103	-0.453887
0.787468	1.33966	1.48059	-0.454839
0.787948	1.33934	1.48016	-0.455791
0.788428	1.33902	1.47972	-0.456743
0.788908	1.33869	1.47927	-0.457695
0.789389	1.33837	1.47883	-0.458647
0.78987	1.33804	1.47839	-0.459599
0.790351	1.33771	1.47795	-0.46055
0.790833	1.33739	1.4775	-0.461502
0.791314	1.33706	1.47706	-0.462454
0.791796	1.33673	1.47661	-0.463406
0.792278	1.3364	1.47616	-0.464358
0.792761	1.33607	1.47571	-0.465309
0.793244	1.33574	1.47526	-0.466261
0.793727	1.3354	1.47481	-0.467213
0.79421	1.33507	1.47436	-0.468165
0.794693	1.33474	1.4739	-0.469116
0.795177	1.3344	1.47345	-0.470068
0.795661	1.33407	1.47299	-0.471019
0.796145	1.33373	1.47254	-0.471971
0.79663	1.33339	1.47208	-0.472923
0.797114	1.33306	1.47162	-0.473874
0.7976	1.33272	1.47116	-0.474826
0.798085	1.33238	1.4707	-0.475777
0.79857	1.33204	1.47024	-0.476729
0.799056	1.3317	1.46978	-0.47768
0.799542	1.33136	1.46931	-0.478631
0.800029	1.33102	1.46885	-0.479583
0.800515	1.33067	1.46838	-0.480534
0.801002	1.33033	1.46792	-0.481485
0.801489	1.32999	1.46745	-0.482437
0.801977	1.32964	1.46698	-0.483388
0.802464	1.32929	1.46651	-0.484339
0.802952	1.32895	1.46604	-0.48529
0.80344	1.3286	1.46557	-0.486242
0.803929	1.32825	1.46509	-0.487193
0.804418	1.3279	1.46462	-0.488144
0.804907	1.32755	1.46414	-0.489095
0.805396	1.3272	1.46367	-0.490046
0.805886	1.32685	1.46319	-0.490997
0.806375	1.3265	1.46271	-0.491948
0.806866	1.32615	1.46223	-0.492899
0.807356	1.32579	1.46175	-0.49385
0.807847	1.32544	1.46127	-0.494801
0.808338	1.32509	1.46078	-0.495752
0.808829	1.32473	1.4603	-0.496703
0.80932	1.32437	1.45981	-0.497654
0.809812	1.32402	1.45933	-0.498604
0.810304	1.32366	1.45884	-0.499555
0.810797	1.3233	1.45835	-0.500506
0.811289	1.32294	1.45786	-0.501457
0.811782	1.32258	1.45737	-0.502407
0.812275	1.32222	1.45688	-0.503358
0.812769	1.32186	1.45639	-0.504309
0.813263	1.32149	1.45589	-0.505259
0.813757	1.32113	1.4554	-0.50621
0.814251	1.32077	1.4549	-0.50716
0.814746	1.3204	1.45441	-0.508111
0.815241	1.32003	1.45391	-0.509061
0.815736	1.31967	1.45341	-0.510012
0.816232	1.3193	1.45291	-0.510962
0.816727	1.31893	1.45241	-0.511913
0.817223	1.31856	1.45191	-0.512863
0.81772	1.31819	1.4514	-0.513814
0.818217	1.31782	1.4509	-0.514764
0.818714	1.31745	1.45039	-0.515714
0.819211	1.31708	1.44988	-0.516664
0.819709	1.31671	1.44938	-0.517615
0.820206	1.31633	1.44887	-0.518565
0.820705	1.31596	1.44836	-0.519515
0.821203	1.31559	1.44785	-0.520465
0.821702	1.31521	1.44733	-0.521415
0.822201	1.31483	1.44682	-0.522365
0.822701	1.31446	1.44631	-0.523315
0.8232	1.31408	1.44579	-0.524266
0.8237	1.3137	1.44527	-0.525216
0.824201	1.31332	1.44476	-0.526165
0.824701	1.31294	1.44424	-0.527115
0.825202	1.31256	1.44372	-0.528065
0.825703	1.31217	1.4432	-0.529015
0.826205	1.31179	1.44267	-0.529965
0.826707	1.31141	1.44215	-0.530915
0.827209	1.31102	1.44163	-0.531865
0.827712	1.31064	1.4411	-0.532814
0.828214	1.31025	1.44057	-0.533764
0.828718	1.30986	1.44005	-0.534714
0.829221	1.30948	1.43952	-0.535663
0.829725	1.30909	1.43899	-0.536613
0.830229	1.3087	1.43846	-0.537563
0.830733	1.30831	1.43792	-0.538512
0.831238	1.30792	1.43739	-0.539462
0.831743	1.30753	1.43686	-0.540411
0.832249	1.30713	1.43632	-0.541361
0.832754	1.30674	1.43578	-0.54231
0.83326	1.30635	1.43524	-0.54326
0.833767	1.30595	1.43471	-0.544209
0.834273	1.30556	1.43417	-0.545158
0.83478	1.30516	1.43362	-0.546108
0.835288	1.30476	1.43308	-0.547057
0.835795	1.30436	1.43254	-0.548006
0.836303	1.30397	1.43199	-0.548955
0.836812	1.30357	1.43145	-0.549904
0.83732	1.30317	1.4309	-0.550854
0.837829	1.30277	1.43035	-0.551803
0.838338	1.30236	1.4298	-0.552752
0.838848	1.30196	1.42925	-0.553701
0.839358	1.30156	1.4287	-0.55465
0.839868	1.30115	1.42815	-0.555599
0.840379	1.30075	1.4276	-0.556548
0.84089	1.30034	1.42704	-0.557497
0.841401	1.29993	1.42648	-0.558445
0.841913	1.29953	1.42593	-0.559394
0.842425	1.29912	1.42537	-0.560343
0.842938	1.29871	1.42481	-0.561292
0.84345	1.2983	1.42425	-0.562241
0.843963	1.29789	1.42369	-0.563189
0.844477	1.29748	1.42312	-0.564138
0.84499	1.29706	1.42256	-0.565086
0.845505	1.29665	1.422	-0.566035
0.846019	1.29624	1.42143	-0.566984
0.846534	1.29582	1.42086	-0.567932
0.847049	1.29541	1.42029	-0.568881
0.847564	1.29499	1.41972	-0.569829
0.84808	1.29457	1.41915	-0.570778
0.848597	1.29415	1.41858	-0.571726
0.849113	1.29374	1.41801	-0.572674
0.84963	1.29332	1.41743	-0.573623
0.850147	1.29289	1.41686	-0.574571
0.850665	1.29247	1.41628	-0.575519
0.851183	1.29205	1.4157	-0.576467
0.851701	1.29163	1.41512	-0.577415
0.85222	1.2912	1.41454	-0.578364
0.852739	1.29078	1.41396	-0.579312
0.853259	1.29035	1.41338	-0.58026
0.853778	1.28993	1.41279	-0.581208
0.854299	1.2895	1.41221	-0.582156
0.854819	1.28907	1.41162	-0.583104
0.85534	1.28864	1.41104	-0.584052
0.855861	1.28821	1.41045	-0.584999
0.856383	1.28778	1.40986	-0.585947
0.856905	1.28735	1.40927	-0.586895
0.857427	1.28692	1.40867	-0.587843
0.85795	1.28649	1.40808	-0.588791
0.858473	1.28605	1.40749	-0.589738
0.858997	1.28562	1.40689	-0.590686
0.859521	1.28518	1.40629	-0.591633
0.860045	1.28475	1.4057	-0.592581
0.86057	1.28431	1.4051	-0.593529
0.861095	1.28387	1.4045	-0.594476
0.86162	1.28343	1.4039	-0.595424
0.862146	1.28299	1.40329	-0.596371
0.862672	1.28255	1.40269	-0.597318
0.863199	1.28211	1.40208	-0.598266
0.863726	1.28167	1.40148	-0.599213
0.864253	1.28123	1.40087	-0.60016
0.864781	1.28078	1.40026	-0.601107
0.865309	1.28034	1.39965	-0.602055
0.865838	1.27989	1.39904	-0.603002
0.866367	1.27945	1.39843	-0.603949
0.866896	1.279	1.39781	-0.604896
0.867426	1.27855	1.3972	-0.605843
0.867956	1.2781	1.39658	-0.60679
0.868486	1.27766	1.39597	-0.607737
0.869017	1.2772	1.39535	-0.608684
0.869548	1.27675	1.39473	-0.609631
0.87008	1.2763	1.39411	-0.610578
0.870612	1.27585	1.39349	-0.611524
0.871145	1.27539	1.39286	-0.612471
0.871678	1.27494	1.39224	-0.613418
0.872211	1.27448	1.39161	-0.614364
0.872745	1.27403	1.39099	-0.615311
0.873279	1.27357	1.39036	-0.616258
0.873813	1.27311	1.38973	-0.617204
0.874348	1.27265	1.3891	-0.618151
0.874884	1.27219	1.38847	-0.619097
0.87542	1.27173	1.38783	-0.620044
0.875956	1.27127	1.3872	-0.62099
0.876492	1.27081	1.38656	-0.621936
0.877029	1.27035	1.38593	-0.622883
0.877567	1.26988	1.38529	-0.623829
0.878105	1.26942	1.38465	-0.624775
0.878643	1.26895	1.38401	-0.625721
0.879182	1.26849	1.38337	-0.626667
0.879721	1.26802	1.38272	-0.627613
0.88026	1.26755	1.38208	-0.628559
0.8808	1.26708	1.38144	-0.629505
0.881341	1.26661	1.38079	-0.630451
0.881882	1.26614	1.38014	-0.631397
0.882423	1.26567	1.37949	-0.632343
0.882965	1.2652	1.37884	-0.633289
0.883507	1.26472	1.37819	-0.634235
0.88405	1.26425	1.37754	-0.635181
0.884593	1.26377	1.37688	-0.636126
0.885136	1.2633	1.37623	-0.637072
0.88568	1.26282	1.37557	-0.638018
0.886224	1.26234	1.37491	-0.638963
0.886769	1.26186	1.37425	-0.639909
0.887314	1.26138	1.37359	-0.640854
0.88786	1.2609	1.37293	-0.6418
0.888406	1.26042	1.37227	-0.642745
0.888953	1.25994	1.3716	-0.64369
0.8895	1.25946	1.37094	-0.644636
0.890047	1.25897	1.37027	-0.645581
0.890595	1.25849	1.3696	-0.646526
0.891143	1.258	1.36894	-0.647471
0.891692	1.25752	1.36826	-0.648416
0.892241	1.25703	1.36759	-0.649361
0.892791	1.25654	1.36692	-0.650306
0.893341	1.25605	1.36625	-0.651251
0.893892	1.25556	1.36557	-0.652196
0.894443	1.25507	1.36489	-0.653141
0.894995	1.25458	1.36421	-0.654086
0.895547	1.25409	1.36354	-0.655031
0.896099	1.25359	1.36285	-0.655976
0.896652	1.2531	1.36217	-0.65692
0.897205	1.25261	1.36149	-0.657865
0.897759	1.25211	1.3608	-0.65881
0.898314	1.25161	1.36012	-0.659754
0.898869	1.25111	1.35943	-0.660699
0.899424	1.25062	1.35874	-0.661643
0.89998	1.25012	1.35805	-0.662588
0.900536	1.24962	1.35736	-0.663532
0.901093	1.24911	1.35667	-0.664476
0.90165	1.24861	1.35598	-0.665421
0.902208	1.24811	1.35528	-0.666365
0.902766	1.2476	1.35458	-0.667309
0.903324	1.2471	1.35389	-0.668253
0.903884	1.24659	1.35319	-0.669197
0.904443	1.24609	1.35249	-0.670141
0.905003	1.24558	1.35179	-0.671085
0.905564	1.24507	1.35108	-0.672029
0.906125	1.24456	1.35038	-0.672973
0.906687	1.24405	1.34967	-0.673917
0.907249	1.24354	1.34897	-0.674861
0.907811	1.24303	1.34826	-0.675804
0.908374	1.24251	1.34755	-0.676748
0.908938	1.242	1.34684	-0.677692
0.909502	1.24149	1.34613	-0.678635
0.910067	1.24097	1.34541	-0.679579
0.910632	1.24045	1.3447	-0.680522
0.911197	1.23994	1.34398	-0.681466
0.911763	1.23942	1.34326	-0.682409
0.91233	1.2389	1.34254	-0.683353
0.912897	1.23838	1.34182	-0.684296
0.913465	1.23786	1.3411	-0.685239
0.914033	1.23733	1.34038	-0.686182
0.914602	1.23681	1.33966	-0.687125
0.915171	1.23629	1.33893	-0.688068
0.915741	1.23576	1.3382	-0.689011
0.916311	1.23524	1.33747	-0.689954
0.916881	1.23471	1.33675	-0.690897
0.917453	1.23418	1.33601	-0.69184
0.918025	1.23365	1.33528	-0.692783
0.918597	1.23312	1.33455	-0.693726
0.91917	1.23259	1.33381	-0.694669
0.919743	1.23206	1.33308	-0.695611
0.920317	1.23153	1.33234	-0.696554
0.920891	1.231	1.3316	-0.697496
0.921466	1.23046	1.33086	-0.698439
0.922042	1.22993	1.33012	-0.699381
0.922618	1.22939	1.32937	-0.700324
0.923195	1.22886	1.32863	-0.701266
0.923772	1.22832	1.32788	-0.702208
0.924349	1.22778	1.32714	-0.703151
0.924928	1.22724	1.32639	-0.704093
0.925506	1.2267	1.32564	-0.705035
0.926086	1.22616	1.32489	-0.705977
0.926666	1.22561	1.32413	-0.706919
0.927246	1.22507	1.32338	-0.707861
0.927827	1.22453	1.32262	-0.708803
0.928409	1.22398	1.32187	-0.709745
0.928991	1.22344	1.32111	-0.710686
0.929573	1.22289	1.32035	-0.711628
0.930156	1.22234	1.31959	-0.71257
0.93074	1.22179	1.31882	-0.713512
0.931325	1.22124	1.31806	-0.714453
0.93191	1.22069	1.31729	-0.715395
0.932495	1.22014	1.31653	-0.716336
0.933081	1.21959	1.31576	-0.717277
0.933668	1.21903	1.31499	-0.718219
0.934255	1.21848	1.31422	-0.71916
0.934843	1.21792	1.31344	-0.720101
0.935431	1.21737	1.31267	-0.721042
0.93602	1.21681	1.3119	-0.721984
0.936609	1.21625	1.31112	-0.722925
0.9372	1.21569	1.31034	-0.723866
0.93779	1.21513	1.30956	-0.724807
0.938381	1.21457	1.30878	-0.725747
0.938973	1.21401	1.308	-0.726688
0.939566	1.21344	1.30721	-0.727629
0.940159	1.21288	1.30643	-0.72857
0.940752	1.21232	1.30564	-0.72951
0.941347	1.21175	1.30485	-0.730451
0.941941	1.21118	1.30406	-0.731391
0.942537	1.21061	1.30327	-0.732332
0.943133	1.21005	1.30248	-0.733272
0.94373	1.20948	1.30168	-0.734213
0.944327	1.20891	1.30089	-0.735153
0.944925	1.20833	1.30009	-0.736093
0.945523	1.20776	1.29929	-0.737033
0.946122	1.20719	1.29849	-0.737973
0.946722	1.20661	1.29769	-0.738913
0.947322	1.20604	1.29689	-0.739853
0.947923	1.20546	1.29609	-0.740793
0.948525	1.20488	1.29528	-0.741733
0.949127	1.2043	1.29447	-0.742673
0.94973	1.20372	1.29366	-0.743613
0.950333	1.20314	1.29285	-0.744552
0.950937	1.20256	1.29204	-0.745492
0.951542	1.20198	1.29123	-0.746431
0.952147	1.2014	1.29041	-0.747371
0.952753	1.20081	1.2896	-0.74831
0.95336	1.20023	1.28878	-0.74925
0.953967	1.19964	1.28796	-0.750189
0.954575	1.19905	1.28714	-0.751128
0.955183	1.19847	1.28632	-0.752067
0.955792	1.19788	1.28549	-0.753006
0.956402	1.19729	1.28467	-0.753945
0.957013	1.19669	1.28384	-0.754884
0.957624	1.1961	1.28301	-0.755823
0.958236	1.19551	1.28219	-0.756762
0.958848	1.19491	1.28135	-0.757701
0.959461	1.19432	1.28052	-0.758639
0.960075	1.19372	1.27969	-0.759578
0.960689	1.19313	1.27885	-0.760517
0.961304	1.19253	1.27801	-0.761455
0.96192	1.19193	1.27718	-0.762394
0.962536	1.19133	1.27634	-0.763332
0.963154	1.19073	1.27549	-0.76427
0.963771	1.19012	1.27465	-0.765208
0.96439	1.18952	1.27381	-0.766147
0.965009	1.18892	1.27296	-0.767085
0.965629	1.18831	1.27211	-0.768023
0.966249	1.18771	1.27126	-0.768961
0.96687	1.1871	1.27041	-0.769899
0.967492	1.18649	1.26956	-0.770836
0.968115	1.18588	1.2687	-0.771774
0.968738	1.18527	1.26785	-0.772712
0.969362	1.18466	1.26699	-0.773649
0.969986	1.18405	1.26613	-0.774587
0.970612	1.18343	1.26527	-0.775524
0.971238	1.18282	1.26441	-0.776462
0.971865	1.1822	1.26355	-0.777399
0.972492	1.18159	1.26268	-0.778336
0.97312	1.18097	1.26182	-0.779274
0.973749	1.18035	1.26095	-0.780211
0.974379	1.17973	1.26008	-0.781148
0.975009	1.17911	1.25921	-0.782085
0.97564	1.17849	1.25833	-0.783022
0.976272	1.17787	1.25746	-0.783958
0.976904	1.17725	1.25658	-0.784895
0.977537	1.17662	1.25571	-0.785832
0.978171	1.176	1.25483	-0.786768
0.978806	1.17537	1.25395	-0.787705
0.979441	1.17474	1.25306	-0.788641
0.980077	1.17411	1.25218	-0.789578
0.980714	1.17348	1.25129	-0.790514
0.981352	1.17285	1.25041	-0.79145
0.98199	1.17222	1.24952	-0.792387
0.982629	1.17159	1.24863	-0.793323
0.983269	1.17095	1.24774	-0.794259
0.98391	1.17032	1.24684	-0.795195
0.984551	1.16968	1.24595	-0.79613
0.985193	1.16905	1.24505	-0.797066
0.985836	1.16841	1.24415	-0.798002
0.98648	1.16777	1.24325	-0.798938
0.987124	1.16713	1.24235	-0.799873
0.987769	1.16649	1.24145	-0.800809
0.988415	1.16585	1.24054	-0.801744
0.989062	1.1652	1.23963	-0.802679
0.989709	1.16456	1.23873	-0.803615
0.990358	1.16391	1.23782	-0.80455
0.991007	1.16327	1.2369	-0.805485
0.991657	1.16262	1.23599	-0.80642
0.992307	1.16197	1.23508	-0.807355
0.992959	1.16132	1.23416	-0.80829
0.993611	1.16067	1.23324	-0.809224
0.994264	1.16002	1.23232	-0.810159
0.994918	1.15937	1.2314	-0.811094
0.995572	1.15871	1.23048	-0.812028
0.996228	1.15806	1.22955	-0.812963
0.996884	1.1574	1.22862	-0.813897
0.997541	1.15674	1.2277	-0.814831
0.998199	1.15609	1.22677	-0.815766
0.998857	1.15543	1.22583	-0.8167
0.999517	1.15477	1.2249	-0.817634
1.00018	1.15411	1.22397	-0.818567
